# HFW-NPO union gene list — GSE122063
# 98 unique probes selected across 5 folds
# Submit to: https://david.ncifcrf.gov or https://biit.cs.ut.ee/gprofiler/

10011
1066
11418
11458
12044
12472
14163
14465
14774
1490
15291
17836
19123
19248
20178
20498
20552
20596
20629
20711
20736
2078
21324
21888
22362
22640
23076
23644
25333
26655
2682
27603
28564
30113
30212
3163
31795
32079
32735
33097
3377
33998
34509
34794
36043
36339
36763
36839
36907
3724
37354
37923
39028
39034
39722
39777
40298
40837
41226
42652
43186
44301
44507
4536
45922
46537
46652
47476
47599
50219
50842
520
52119
52614
52739
53404
54625
55181
55225
5630
5736
58155
58429
59093
59714
59952
60743
62064
6368
7308
7843
8749
9032
9494
9592
9648
9964
9996
